Read the contents of the File
FaultyCiphertext
CiperText:  [55, 215, 17, 98, 42, 155, 79, 157, 62, 244, 17, 239, 41, 163, 14, 251] 

Faulty CiperText:  [55, 215, 38, 98, 42, 155, 79, 157, 62, 244, 17, 239, 41, 163, 14, 251] 

37d726622a9b4f9d3ef411ef29a30efb
CiperText:  [75, 48, 152, 203, 164, 223, 133, 156, 249, 160, 150, 9, 55, 22, 152, 145] 

Faulty CiperText:  [75, 48, 61, 203, 164, 223, 133, 156, 249, 160, 150, 9, 55, 22, 152, 145] 

4b303dcba4df859cf9a0960937169891
CiperText:  [97, 106, 67, 73, 231, 58, 105, 182, 2, 211, 188, 3, 154, 181, 81, 123] 

Faulty CiperText:  [97, 106, 67, 239, 231, 58, 105, 182, 2, 211, 188, 3, 154, 181, 81, 123] 

616a43efe73a69b602d3bc039ab5517b
CiperText:  [180, 214, 116, 78, 134, 69, 42, 217, 135, 112, 145, 231, 147, 119, 239, 120] 

Faulty CiperText:  [180, 101, 116, 78, 134, 69, 42, 217, 135, 112, 145, 231, 147, 119, 239, 120] 

b465744e86452ad9877091e79377ef78
10th round Analysis
Iteration:  0 -
Position:  2
142  
149  
155  
162  
172  
185  


Iteration:  1 -
Position:  2
54  
62  
69  
80  
100  
147  
155  
193  
224  
245  


Iteration:  2 -
Position:  3
48  
65  
72  
84  
85  
86  
97  
150  
199  
231  
238  
240  
242  
243  


Iteration:  3 -
Position:  1
19  
41  
97  
108  
110  
154  
160  
210  
221  
223  


Fault Injection in the 10th round

